      1 100286
      1 102720
      1 1042234
      1 104587
      1 105186
      1 105588
      1 105913
      1 1060938
      1 1075208
      1 1080054
      1 108412
      1 108425
      1 1110380
      1 1114889
      1 1122272
      1 113538
      1 113636
      1 1137906
      1 114194
      1 114204
      1 1143217
      1 114457
      1 1150285
      1 1155236
      1 1155248
      1 1155255
      1 1155332
      1 1155338
      1 1155362
      1 115671
      1 1161166
      1 117260
      1 1176516
      1 118766
      1 118776
      1 119176
      1 1205702
      1 1215406
      1 1220818
      1 122183
      1 1249140
      1 126270
      1 1268172
      1 128002
      1 1301352
      1 1301356
      1 1301360
      1 1301372
      1 1301395
      1 1301400
      1 1301401
      1 1301409
      1 1301411
      1 1301456
      1 1301458
      1 1303118
      1 1307774
      1 13129
      1 13274
      1 13288
      1 1336681
      1 13427
      1 1351827
      1 136204
      1 13651
      1 13702
      1 137457
      1 13749
      1 13757
      1 137693
      1 1405028
      1 140796
      1 140797
      1 140873
      1 140997
      1 143172
      1 1435577
      1 1435599
      1 147635
      1 148625
      1 148884
      1 148902
      1 149412
      1 15000
      1 150094
      1 1501992
      1 15193
      1 1522193
      1 1532256
      1 1533089
      1 1533130
      1 1533305
      1 153343
      1 1534592
      1 1534699
      1 1534718
      1 1534728
      1 15371
      1 153960
      1 1540564
      1 154493
      1 154499
      1 1546422
      1 156152
      1 157082
      1 1572674
      1 157639
      1 157971
      1 159016
      1 1591266
      1 1623455
      1 1623472
      1 1623474
      1 1641274
      1 164261
      1 165325
      1 165339
      1 168005
      1 169373
      1 169379
      1 169387
      1 171637
      1 171818
      1 172266
      1 1734419
      1 1734420
      1 1734423
      1 1734424
      1 1734432
      1 174553
      1 174649
      1 174663
      1 174664
      1 175028
      1 175104
      1 176248
      1 1775740
      1 1799579
      1 180010
      1 180561
      1 180763
      1 180772
      1 183030
      1 1844630
      1 1891223
      1 1891285
      1 1891442
      1 1891447
      1 1891452
      1 1891453
      1 1891456
      1 1891463
      1 1891484
      1 1891500
      1 1891514
      1 1891520
      1 1891522
      1 1891585
      1 1891591
      1 1891592
      1 1891593
      1 1891594
      1 1891600
      1 1891602
      1 1891609
      1 1891617
      1 1891618
      1 189220
      1 1892834
      1 1892838
      1 189571
      1 190884
      1 190902
      1 191066
      1 191662
      1 192276
      1 192294
      1 192338
      1 195145
      1 199171
      1 2005213
      1 2005304
      1 2005310
      1 2005311
      1 2005312
      1 2005315
      1 2005316
      1 2005317
      1 200866
      1 200952
      1 203582
      1 204232
      1 2042663
      1 2042664
      1 2042668
      1 2042675
      1 204401
      1 2054846
      1 205739
      1 206651
      1 2071455
      1 20802
      1 208873
      1 208904
      1 208922
      1 209536
      1 210730
      1 211941
      1 212686
      1 212753
      1 213289
      1 213833
      1 214053
      1 217505
      1 219121
      1 220462
      1 221204
      1 2233839
      1 223707
      1 22694
      1 227214
      1 227220
      1 228247
      1 228874
      1 230572
      1 230711
      1 23138
      1 231678
      1 231679
      1 231680
      1 23204
      1 23264
      1 234458
      1 234466
      1 234725
      1 238265
      1 239399
      1 239410
      1 239422
      1 239469
      1 239565
      1 240688
      1 240690
      1 241196
      1 241197
      1 241202
      1 241222
      1 241231
      1 241234
      1 241236
      1 241641
      1 241806
      1 244309
      1 244723
      1 246694
      1 247443
      1 253017
      1 253622
      1 254780
      1 2592077
      1 2593524
      1 260603
      1 261426
      1 261776
      1 264416
      1 2666036
      1 268009
      1 268065
      1 269006
      1 269344
      1 269355
      1 269377
      1 270396
      1 271559
      1 2720589
      1 272082
      1 2732585
      1 278071
      1 280053
      1 280064
      1 281480
      1 2820127
      1 2820162
      1 2820165
      1 2820168
      1 2820169
      1 2835573
      1 2835574
      1 2835576
      1 2835581
      1 2835584
      1 2835586
      1 2835588
      1 2835591
      1 2835592
      1 284478
      1 28509
      1 28528
      1 288950
      1 2906878
      1 2910179
      1 291104
      1 292239
      1 29654
      1 29663
      1 29687
      1 29712
      1 29728
      1 2983453
      1 300649
      1 301496
      1 301497
      1 306377
      1 310247
      1 311916
      1 311929
      1 311941
      1 311954
      1 312744
      1 312777
      1 313121
      1 313210
      1 313220
      1 319741
      1 321412
      1 32189
      1 32239
      1 325289
      1 325519
      1 326028
      1 3261
      1 3262
      1 329327
      1 331118
      1 33132
      1 33138
      1 3316
      1 3318
      1 3349
      1 34168
      1 345915
      1 3501
      1 351340
      1 3524
      1 357469
      1 3580
      1 358137
      1 360583
      1 360621
      1 3610
      1 361405
      1 3617
      1 3619
      1 365477
      1 368343
      1 369421
      1 3719
      1 372273
      1 3726
      1 3752
      1 376136
      1 378942
      1 3796
      1 3801
      1 380485
      1 381173
      1 3852
      1 3853
      1 387931
      1 38862
      1 388701
      1 38873
      1 3899
      1 3905
      1 39358
      1 395287
      1 395289
      1 395290
      1 395296
      1 395298
      1 395305
      1 395306
      1 395313
      1 395316
      1 395325
      1 39639
      1 397089
      1 397093
      1 39917
      1 39919
      1 3993
      1 401572
      1 401879
      1 401918
      1 4026
      1 4041
      1 4079
      1 40902
      1 40922
      1 40954
      1 413032
      1 414037
      1 41492
      1 41550
      1 416296
      1 41653
      1 4166
      1 4199
      1 42036
      1 42038
      1 42043
      1 4206
      1 4220
      1 423282
      1 426284
      1 4282
      1 430624
      1 43171
      1 434248
      1 4345
      1 436200
      1 436207
      1 4428
      1 4447
      1 4498
      1 4499
      1 4509
      1 457140
      1 45834
      1 462873
      1 462877
      1 464078
      1 467612
      1 4702
      1 470272
      1 470277
      1 470278
      1 47085
      1 47247
      1 4733
      1 47519
      1 475390
      1 476039
      1 478334
      1 48032
      1 48109
      1 48230
      1 48231
      1 487788
      1 49056
      1 49170
      1 491976
      1 492098
      1 49554
      1 49647
      1 49770
      1 49951
      1 500232
      1 50192
      1 50193
      1 50207
      1 50210
      1 50243
      1 502519
      1 504477
      1 50453
      1 50748
      1 510738
      1 52147
      1 52152
      1 52153
      1 526930
      1 52709
      1 53038
      1 53159
      1 53160
      1 53234
      1 53236
      1 543010
      1 54425
      1 545670
      1 546187
      1 54703
      1 54827
      1 55316
      1 55615
      1 55764
      1 55962
      1 568571
      1 570167
      1 57576
      1 57917
      1 57934
      1 57940
      1 57946
      1 58048
      1 581245
      1 59018
      1 59690
      1 59993
      1 61236
      1 626089
      1 626748
      1 626749
      1 63002
      1 630096
      1 63501
      1 64025
      1 644193
      1 64435
      1 647968
      1 649480
      1 65004
      1 654633
      1 664071
      1 669619
      1 669621
      1 669622
      1 669623
      1 669625
      1 669639
      1 669645
      1 669651
      1 669661
      1 669676
      1 669677
      1 669679
      1 669680
      1 669694
      1 669698
      1 669720
      1 669721
      1 669736
      1 669764
      1 669785
      1 669787
      1 669799
      1 669802
      1 669806
      1 669814
      1 669821
      1 669837
      1 669838
      1 669852
      1 673929
      1 691236
      1 69867
      1 701400
      1 71251
      1 71339
      1 71402
      1 715714
      1 715723
      1 715726
      1 717485
      1 71982
      1 72332
      1 73496
      1 741068
      1 741073
      1 74517
      1 74522
      1 74637
      1 74693
      1 74787
      1 753697
      1 754387
      1 75633
      1 75710
      1 75960
      1 76036
      1 764772
      1 767568
      1 77623
      1 78534
      1 79245
      1 81729
      1 82082
      1 82281
      1 84009
      1 85178
      1 85882
      1 872911
      1 87471
      1 87703
      1 883867
      1 887860
      1 88845
      1 89684
      1 90038
      1 90225
      1 90345
      1 90363
      1 90610
      1 912404
      1 912524
      1 91272
      1 92907
      1 93036
      1 93817
      1 93823
      1 93824
      1 94424
      1 97036
      1 97169
      1 97450
      1 983335
      1 984867
      1 986140
      1 99030
      1 99108
      2 102718
      2 102804
      2 106677
      2 1081552
      2 110753
      2 1108809
      2 1120086
      2 1120116
      2 1137917
      2 114206
      2 1149950
      2 1155350
      2 1184124
      2 118509
      2 118758
      2 118891
      2 119601
      2 121769
      2 122298
      2 1233968
      2 125587
      2 126279
      2 127977
      2 1301454
      2 1303111
      2 13054
      2 13306
      2 13329
      2 13423
      2 134520
      2 134521
      2 134792
      2 1351832
      2 135518
      2 135520
      2 1370093
      2 137116
      2 138011
      2 140803
      2 140809
      2 140814
      2 140816
      2 140819
      2 140850
      2 140874
      2 141524
      2 1426240
      2 1436118
      2 145471
      2 145835
      2 1510611
      2 152003
      2 153025
      2 1532252
      2 1540200
      2 154990
      2 1623469
      2 1623471
      2 1623473
      2 165328
      2 165330
      2 170545
      2 170927
      2 171638
      2 173389
      2 1734431
      2 1734435
      2 173899
      2 176347
      2 176602
      2 1799760
      2 183794
      2 1891284
      2 1891441
      2 1891451
      2 1891466
      2 1891501
      2 1891513
      2 1891515
      2 1891584
      2 1891586
      2 1891588
      2 1891607
      2 1891610
      2 189991
      2 191068
      2 191669
      2 192263
      2 2005303
      2 2005305
      2 2005313
      2 2005318
      2 2005343
      2 2042670
      2 204362
      2 20484
      2 2071428
      2 2071532
      2 207865
      2 208876
      2 209194
      2 212754
      2 214529
      2 217501
      2 218142
      2 220483
      2 221203
      2 223577
      2 225663
      2 226209
      2 227211
      2 227218
      2 22903
      2 230577
      2 231681
      2 232322
      2 234460
      2 234467
      2 234471
      2 235900
      2 238069
      2 239452
      2 240685
      2 240691
      2 240692
      2 241204
      2 241213
      2 241228
      2 241237
      2 243709
      2 244509
      2 246699
      2 246704
      2 254778
      2 254779
      2 2666089
      2 267242
      2 267256
      2 268097
      2 269367
      2 271552
      2 271558
      2 271580
      2 2820154
      2 2820164
      2 2820170
      2 2820179
      2 282781
      2 282782
      2 282783
      2 2835570
      2 2835578
      2 2835579
      2 2835585
      2 28525
      2 286847
      2 286926
      2 286950
      2 286964
      2 286974
      2 286984
      2 286986
      2 289866
      2 291166
      2 29653
      2 29686
      2 300140
      2 305797
      2 308410
      2 311925
      2 311943
      2 313212
      2 314457
      2 314568
      2 314612
      2 316496
      2 318068
      2 32112
      2 325516
      2 326839
      2 330168
      2 33128
      2 3329
      2 34222
      2 34270
      2 3447
      2 345538
      2 3486
      2 3562
      2 361561
      2 3621
      2 363809
      2 367354
      2 371026
      2 3712
      2 3744
      2 376129
      2 376798
      2 37723
      2 379943
      2 379952
      2 379953
      2 381151
      2 3835
      2 38785
      2 38844
      2 38861
      2 389631
      2 3911
      2 395286
      2 395293
      2 395304
      2 395310
      2 395311
      2 395315
      2 398308
      2 39899
      2 39927
      2 4039
      2 40784
      2 409514
      2 410645
      2 41241
      2 413038
      2 4143
      2 4209
      2 4210
      2 4217
      2 4218
      2 4283
      2 432996
      2 43368
      2 434052
      2 4472
      2 447676
      2 455077
      2 4565
      2 459757
      2 46247
      2 462879
      2 462882
      2 46325
      2 464048
      2 464057
      2 4679
      2 4686
      2 47082
      2 475020
      2 48039
      2 481050
      2 487759
      2 49146
      2 49155
      2 49227
      2 492572
      2 49828
      2 49855
      2 49940
      2 50236
      2 502521
      2 502525
      2 50498
      2 513306
      2 519064
      2 52139
      2 524254
      2 52448
      2 52469
      2 526696
      2 53164
      2 552844
      2 55464
      2 558137
      2 56531
      2 56539
      2 56853
      2 57013
      2 570168
      2 57912
      2 57936
      2 57943
      2 58041
      2 580465
      2 586382
      2 58656
      2 595332
      2 59991
      2 645205
      2 645214
      2 65042
      2 661417
      2 666727
      2 66680
      2 669628
      2 669636
      2 669646
      2 669659
      2 669706
      2 669724
      2 669750
      2 669767
      2 669780
      2 669810
      2 669813
      2 673928
      2 675739
      2 690759
      2 69996
      2 70001
      2 70741
      2 717487
      2 72429
      2 73824
      2 74630
      2 747378
      2 751873
      2 756618
      2 75709
      2 75950
      2 759843
      2 76029
      2 77064
      2 77069
      2 77113
      2 81769
      2 82091
      2 82286
      2 82354
      2 82356
      2 86695
      2 87301
      2 87702
      2 90600
      2 90606
      2 912382
      2 91257
      2 92910
      2 92921
      2 93340
      2 9372
      2 942083
      2 95392
      2 95630
      2 96050
      2 97307
      2 983334
      2 98725
      2 989179
      2 99028
      3 1000418
      3 100284
      3 102738
      3 1030043
      3 105271
      3 106553
      3 1072226
      3 1088035
      3 111420
      3 114195
      3 1143221
      3 1155243
      3 1155264
      3 122532
      3 1288821
      3 1301344
      3 1303115
      3 13055
      3 13399
      3 13597
      3 13648
      3 141005
      3 1437197
      3 1500773
      3 1532332
      3 160511
      3 1623456
      3 1640877
      3 1769920
      3 1844633
      3 1856630
      3 1891464
      3 1891476
      3 1891490
      3 1891497
      3 1891512
      3 1891587
      3 190330
      3 192324
      3 193516
      3 2005301
      3 200993
      3 203104
      3 2042671
      3 208932
      3 218388
      3 223655
      3 223682
      3 223705
      3 230571
      3 240048
      3 240664
      3 241200
      3 241230
      3 241235
      3 248829
      3 25168
      3 253143
      3 254029
      3 254149
      3 261773
      3 264418
      3 269082
      3 270110
      3 271549
      3 271564
      3 2763534
      3 281077
      3 2820143
      3 2820155
      3 2820174
      3 2835582
      3 29665
      3 308399
      3 324586
      3 345918
      3 347192
      3 3579
      3 361560
      3 3646
      3 368342
      3 368374
      3 369422
      3 3700
      3 3702
      3 370362
      3 37489
      3 3792
      3 381184
      3 381272
      3 39321
      3 39862
      3 39879
      3 4025
      3 4047
      3 406025
      3 40755
      3 4113
      3 41931
      3 42229
      3 434243
      3 439142
      3 4415
      3 455306
      3 46118
      3 464075
      3 470570
      3 475024
      3 49054
      3 49456
      3 50461
      3 51265
      3 516948
      3 52148
      3 53158
      3 53172
      3 53175
      3 55319
      3 55501
      3 57942
      3 59297
      3 59324
      3 630109
      3 64024
      3 654647
      3 661418
      3 669130
      3 669643
      3 669681
      3 669715
      3 669716
      3 669726
      3 669730
      3 669753
      3 669762
      3 669770
      3 669771
      3 669825
      3 669826
      3 669846
      3 690321
      3 74645
      3 74823
      3 75091
      3 75707
      3 75715
      3 762980
      3 76515
      3 77063
      3 78191
      3 78511
      3 85272
      3 860324
      3 87752
      3 90397
      3 904458
      3 90614
      3 91836
      3 93819
      3 98721
      3 99038
      4 102724
      4 105906
      4 1087802
      4 1095360
      4 112593
      4 1233973
      4 1239890
      4 13465
      4 1533119
      4 157977
      4 164258
      4 165318
      4 165334
      4 1891445
      4 1891465
      4 1891467
      4 1981220
      4 2005302
      4 202448
      4 207273
      4 20803
      4 212671
      4 223686
      4 223700
      4 23028
      4 2835583
      4 2835587
      4 29669
      4 29769
      4 32220
      4 332430
      4 3328
      4 3711
      4 374724
      4 38788
      4 395288
      4 395314
      4 4052
      4 41768
      4 4212
      4 4298
      4 470276
      4 49576
      4 49743
      4 511092
      4 513295
      4 52853
      4 589788
      4 65952
      4 667203
      4 669616
      4 669769
      4 669834
      4 669850
      4 669861
      4 690320
      4 701263
      4 717483
      4 74647
      4 76276
      4 76438
      4 91882
      4 96047
      4 97854
      4 97978
      5 102714
      5 115624
      5 1303110
      5 134860
      5 143208
      5 148897
      5 149054
      5 161951
      5 1623467
      5 172265
      5 172267
      5 1734436
      5 183561
      5 1891491
      5 204222
      5 24953
      5 253148
      5 29672
      5 29791
      5 3449
      5 347188
      5 347888
      5 368338
      5 3874
      5 395328
      5 3985
      5 47083
      5 511106
      5 52159
      5 57577
      5 644182
      5 75080
      5 86092
      5 97021
      6 189230
      6 240694
      6 243113
      6 254782
      6 32228
      6 381143
      6 395303
      6 429301
      6 434553
      6 492483
      6 57947
      6 57948
      6 912436
      6 912502
      7 1301351
      7 13447
      7 214052
      7 269081
      7 2835572
      7 3332
      7 3469
      7 38784
      7 38820
      7 38909
      7 487764
      8 107243
      8 2759858
      8 2835590
      8 28930
      9 1532802
      9 313104
      9 40685
     11 3745
     12 745661
     13 565971
     13 721813
     15 190548
     19 140842
     22 29739
     30 3516
     30 71274
     36 3517
     45 3518
     46 253214
     61 3515
     94 366499
    103 3398
    187 3502
    454 58024
    564 71275
   1221 91835
   1255 2820156
   1872 216987
   2010 1623466
   2225 216993
   2832 3514
   3101 58023
   3379 216990
   4174 1437201
   4413 78536
   5129 717482
   7330 1437183
   8213 38787
  49203 3504
