1000416 387574699
1000418 261380562
100284 208589441
100286 311855848
100292 218989223
100813 305351184
102714 603772022
102718 456082891
102720 345195164
102722 431195521
102724 342415808
102738 251928793
102745 2630299364
104587 305023364
1053350 283722090
105906 263679814
105913 245337967
107243 154131906
1075208 353852526
1080054 302953721
108412 318956150
108425 257907540
1088035 217165192
110753 395996979
110756 201554995
111420 423264992
1114889 225665335
1114890 250700264
1117032 331146876
1120086 369407244
1120560 310583601
112517 295056959
112589 359484599
112591 167053991
112593 441467588
1133549 353881599
113538 220404843
113636 357739232
1137906 261176197
1137917 275728284
114194 271476532
114195 514302036
114204 310576432
114206 262532131
1143221 286746026
114457 589314198
1155236 262161653
1155239 262358621
1155243 474922643
1155247 301239553
1155248 396021343
1155255 383463110
1155332 193452137
1155358 419107866
1155359 279970680
1155362 295281651
1161166 181204111
117260 403922987
118509 325599222
118758 273661646
118766 357233848
118769 227847744
118770 347568161
118778 302686394
118891 231408298
119585 290142934
1200292 288477361
1205702 263206629
1211431 185233867
1211590 337646826
121557 347442183
121769 310166533
1227975 494353225
1233961 322271854
1239890 332182680
124763 258329837
1249140 432070871
125027 421384578
125587 502695041
126270 247521058
126279 204192033
126913 274707713
127129 198129524
127977 336008882
127986 298945819
128002 354726427
1288821 351329464
129741 545343152
129748 187219110
1301344 329195687
1301349 166332658
1301351 151445464
1301352 249369614
1301360 225264980
1301364 402569934
1301372 371679668
1301376 272840172
1301395 167174259
1301400 438098535
1301401 321942798
1301409 278019245
1301411 439040682
1301413 299043374
1301442 343854629
1301445 224918258
1301454 425376210
1303110 158523106
1303112 271562358
1303115 904955928
13054 181240525
13055 298849241
13129 480474638
13273 611157631
13274 345250146
13288 208593911
13306 194741890
133233 180089540
13329 324607707
13385 321145225
13398 426348626
13399 215175448
13417 349779109
13427 370721197
134520 357478435
134521 223357160
134792 285307880
134860 277245368
13487 295984132
1351827 226143972
135518 349022632
135520 631884735
13579 176886774
136204 264386333
13648 523509948
13702 281130913
137095 250752217
137116 314039652
137455 251707850
137456 274829973
137457 242128207
137665 276154662
137693 464768710
138011 205096956
1385505 394511415
1405028 356949667
140783 290846572
140785 247591311
140788 254127401
140796 318791196
140797 250607009
140803 349487735
140808 291665523
140816 332538947
140819 262515105
140838 262792985
140842 217398849
140843 307982700
140845 273826882
140848 261674929
140850 386222868
140859 556922219
140873 202554263
140874 357511892
140997 360364146
141005 490022465
1413678 293959653
1426240 510458934
143172 328091370
143208 457450813
1435578 223684852
1435599 383712063
1436118 249226821
1443518 244218968
1443523 324902377
145471 186285949
145517 288306777
1457398 263206499
145835 175622607
1470351 704048793
147635 411965011
147940 237087058
148884 253627135
148897 208469077
148902 294131269
149412 323138020
1500773 363747143
150094 209889466
1510611 250950158
15193 188753440
152003 241042843
153025 278247942
15304 1101339248
1532256 298565763
1533246 263131243
1534592 309174736
15371 553362106
1540200 249605787
1540202 289319956
154493 394051771
1546422 220966443
154990 287522414
1572673 455454208
1572674 353504441
1572676 395836655
1572681 216627308
157494 391342087
1578718 335951123
157971 349574997
157977 248960848
159013 467062004
159016 395962072
1591266 257057974
15957 280416874
159962 312938265
160511 339090731
161105 243449208
1630340 259062580
1641274 260134658
164258 410646786
164261 371691310
164435 350901477
164833 309851329
165317 249200782
165325 333517999
165330 325879233
165334 265572943
167997 402078037
168002 232766945
168005 428152223
168011 318171624
169223 413487028
169373 357843199
169380 387465839
169386 631535685
169387 227940161
170545 446467001
170927 280214560
171814 329827987
171820 218957785
171823 234390599
172069 462935624
172265 415318780
172267 242061871
173389 394466295
1734436 248370347
173702 301536168
173899 369662729
174553 293782244
174649 358526481
174663 694742634
174664 794171325
175028 255388004
175058 392411779
175059 282519848
1754164 316475169
176248 334208732
176602 221813189
1769920 272340466
1775740 448516562
1799579 343783785
180084 281810956
180561 271636220
180763 368301779
180772 345077430
181181 312953973
181189 166829936
181291 248268144
183794 294712147
1844630 190048406
184985 367151728
186520 297260964
18794 239886288
1885256 422826289
1891442 249931837
1891456 211670415
189328 231259751
189571 124090468
190330 306854467
190884 278738128
190902 387713410
191068 356963846
191662 563586475
191669 299138195
192263 282874630
192294 372264744
192324 403983137
192338 817420685
192342 136824947
193516 270183475
197809 264863190
199171 348818332
2005213 339963359
2005300 358040875
2005303 300441378
2005304 177524033
2005305 235156709
2005307 331627873
2005308 322914660
2005309 376647101
2005311 377274085
2005312 386324520
2005313 426511007
2005314 288067729
2005315 253310172
2005316 347571035
2005343 357636834
200866 262308648
200952 221354057
200993 211258723
202404 334128009
202615 251364037
203015 185548023
2030680 299242915
203104 260629071
203582 179329762
20403 242361684
204219 226370942
204232 351959966
2042664 244104262
204362 272526171
204401 263445462
20484 349184610
2054846 212869006
205739 227003489
206651 266784465
207273 514911179
207934 235790813
208873 347102456
208876 225447453
208904 475418473
208922 181239943
208932 277141953
209194 217160072
209536 314433413
210730 261546914
211939 281250747
211941 301377960
212670 349677543
212671 287499636
212686 578067597
212753 221515355
212754 574388682
213289 237944268
213829 254341620
214052 590003172
214053 349643578
214529 364988555
215228 442932328
216990 547745875
216991 313643489
217501 470447596
217505 350513412
218141 197084161
218142 378623511
218388 431252419
220462 431515585
220483 301552190
221188 391226918
221193 291605310
221204 340034122
223577 242137424
223654 313721313
223655 276289939
223656 459538234
223657 292932334
223681 372217916
223682 315287060
223686 351783002
223700 141031047
223703 305478222
223705 158409681
223707 172446660
225663 176382544
226209 287833044
227211 321600315
227212 465448368
227213 279504202
227214 550760144
227215 377419713
227218 699345622
227220 394215680
227222 326911067
227223 298786854
227224 371939176
228874 208664717
23028 547825362
230571 319679095
230572 337816987
230577 499264347
230711 185092447
230712 316554115
230722 541665160
230724 250854954
23138 1560436709
231488 479386616
231678 633088967
231679 421847972
231680 736737599
231681 486815915
23216 314105289
23222 545451762
23224 593938246
232322 351891506
23264 351674303
23265 188649973
234458 470920669
234460 201642933
234465 260829075
234466 206290359
234467 281330311
234471 253129221
234725 264893543
235900 864223450
239410 522547719
239416 299469289
239422 430201962
239469 166987233
239555 291997580
239563 255924245
239565 339855453
240664 353539654
240676 225323988
240679 249210068
240685 191496072
240686 196278057
240688 251237463
240689 261637239
240690 235054585
240691 435627664
240692 259251716
240694 217609563
240695 283851051
241196 287656219
241197 309575945
241200 593678609
241202 378407279
241203 272967035
241204 266033583
241206 246440547
241213 208462663
241214 218841108
241222 185480093
241224 366432536
241227 239779268
241230 224659081
241234 201102038
241235 563806505
241236 430993654
241237 254527521
241642 253330242
243113 157352522
243709 195182057
244309 1210988126
244723 705372655
246694 245091790
246699 347996130
246704 201853390
247443 227519518
248498 607773373
24953 287857840
253017 242038893
253143 354469858
253145 184466810
253148 212947606
253622 257130669
254029 408654761
254778 327078643
254779 310311919
254782 236010837
256370 416320593
260603 197541479
261240 444661218
261426 468504725
261773 298519982
264418 628233311
264943 217923923
267242 444277005
267256 341591953
267261 293922804
268009 305956091
268057 514841605
268058 438223276
268065 319269696
268080 270130359
268097 290977019
269006 228312692
269081 455107542
269082 370131269
269344 332219808
269367 276666966
269377 324659166
270110 435943544
270380 164516728
270396 275552234
270432 243804613
271541 335665270
271549 289378794
271552 271273868
271556 714444057
271557 295771998
271559 580833044
271564 194936922
271580 229622707
272082 220922230
278078 353271147
278673 317554161
280053 466046641
280064 680694424
281077 147540722
281480 259478733
282781 205123835
282782 230627436
282783 344660439
284478 237445900
28472 108681215
28509 328685467
28525 270942861
28528 374932434
286619 1255546390
286916 230064936
286926 211487634
286950 269351440
286974 353021002
286984 210013533
286986 304865319
287755 299629303
289866 338557501
291096 287694096
291101 360912955
291104 240348706
291166 413519283
29618 513971127
29653 257967895
29654 521797912
29663 228759881
29665 270531827
29667 298331716
29668 372430408
29669 140445211
29672 519337930
29677 168945873
29686 337571635
29687 462557379
29695 275464762
29712 1004271408
29728 230557966
29739 356830219
297476 338786352
29769 308306798
29771 333993059
29787 505500845
29788 323599685
29793 269492776
29818 228616027
300140 275882354
300649 348235295
301481 346795585
301496 181406815
306132 300710559
306377 205749512
308410 200446809
310246 325134177
310247 320464015
310818 650811087
311925 284368400
311929 334836061
311941 285975269
311943 360066384
311954 243245317
311957 266648027
311958 364722157
311962 235609981
312740 247448792
312744 249517409
312751 231714996
312774 253301729
312777 268016290
313096 299116378
313104 419017365
313120 403448021
313121 239230682
313210 275613562
313212 270391263
313220 604704338
314457 215092366
318444 229343677
319741 209858822
32110 295294347
32112 962574988
321412 516958501
32189 315125661
32218 486556444
32220 177139218
32228 217316663
32239 234352774
32247 280831333
324586 305692105
3251 616133640
325515 271774128
325516 238906262
325519 273373381
326028 212871338
3260 692096251
3261 490848397
3262 325827509
326275 364924031
326839 350099424
3277 422183342
3289 371669008
329327 256988656
330168 166854623
331118 570882178
33132 164172459
33138 304571644
3316 294394296
332430 241759596
3329 463601467
3332 505033146
3349 1292136949
335190 362735449
335953 260460778
339964 294642873
341461 344997570
34168 279797644
34176 293978989
34222 276895580
34231 232518937
34301 341581769
3447 366570423
3449 905073784
345293 232104280
345538 254878867
345915 545246567
345916 335045742
345918 595838438
3467 302124982
3469 439163591
347188 492522972
347388 242168385
347888 217772965
3483 225218616
3486 383204148
3501 289149754
351340 276411105
3516 485304176
3517 295983350
3518 221379859
3550 452953242
3562 173859355
3572 234401693
357469 431064465
357475 577951964
358137 316574584
35896 254722972
35899 273795019
360621 417280759
3610 208218116
361423 384579042
3617 271024848
3619 492220408
3621 374621533
363810 544036784
36599 505426564
366499 309462169
368332 233897070
368338 811010498
368339 320308045
368342 1467665304
368343 576303391
368347 273177002
368352 223160379
368374 349012051
368382 315835994
369422 274059880
3702 154695606
370362 185472330
371026 216896151
3711 266243660
3712 288058747
3719 183001817
372273 240594880
37231 333894195
37431 498551792
374709 251854690
374724 126037067
37489 302656952
3752 266175801
376113 349624375
376119 352249487
376129 562559174
376131 207643847
376798 384126927
37723 556168795
378942 312978479
379949 366232541
379956 254781433
380485 373470209
381143 420077304
381144 306835377
381151 448734663
381184 264088345
381272 209537484
3852 389388960
38596 241773292
38689 230978034
3874 214562907
38784 269262570
38785 204294815
38787 411359310
38788 423179323
3879 275740836
387931 404821784
38844 354978362
38852 219053267
38861 346815961
38862 428212195
388693 178581399
388701 340136872
38873 342125212
3888 191963856
38914 217915951
389496 268375648
389630 299124193
389631 321913127
3899 432251617
3905 276119867
3908 490011138
3910 291129142
39321 734687298
39324 213029900
39352 217060842
39414 295639366
395278 339836196
395279 324270780
395285 382009255
395286 932165769
395287 433243982
395289 248503783
395290 355805603
395291 247691756
395293 516167982
395294 271430628
395295 297364761
395296 297678955
395297 316087555
395298 364492894
395302 218339600
395303 694996339
395304 220384877
395305 265067794
395306 182496373
395309 491109383
395310 246515600
395311 264818669
395312 277874003
395313 257486422
395314 581827673
395315 292417852
395316 298906420
395325 266852392
395326 273636546
395328 396115717
39639 361946634
397066 309812816
397089 514747433
397093 550506710
3985 125247893
39862 436324550
39879 398006402
39884 316428885
39899 321806313
39910 227298306
39919 437379058
39927 482677547
401572 279436616
401879 296713469
401881 260498465
401897 222035757
401918 273188382
4025 291825529
4039 211942291
4041 267733580
4052 292991902
40755 245975238
40784 259224232
4079 238640579
4081 301333474
40902 189596852
40917 600650216
40922 318621159
40949 408848107
409514 232273073
40954 283271451
40959 261909646
410645 212227972
4113 351741522
4123 328937998
41241 884693514
413032 365054975
413038 191165887
41492 228542868
41496 265791269
41500 361502566
41537 265084692
41550 298546552
416296 277236067
4166 184307994
418171 295566507
41914 288962437
41922 344247898
41964 387661827
42036 467387341
42038 231187165
42039 284673963
42043 305453010
4208 401152786
4212 518812863
4217 307189489
4218 264258429
4220 362208217
42229 173615558
4232 286211295
423282 305420892
426348 254294723
4282 423020122
4298 283634577
430623 358669532
430624 369902654
430754 316925377
432996 227667384
43368 366965847
434052 221437364
434244 249982748
434248 274665963
434553 244232276
435792 404515846
436192 285027814
436200 293000365
436204 265330831
439140 496200536
439142 372084432
4451 371159487
4472 416762212
447676 276634317
4498 612648253
4499 280959362
4509 303921642
4513 353481249
4521 289101590
4522 379268429
4545 398706218
455077 283654357
455306 202441259
4565 631621204
457140 218684373
457910 240412115
45834 352071214
45899 360363101
45912 378905108
4593 265305872
46032 251376830
46053 167018706
4608 265282929
46247 335538856
462567 270156885
462580 295340966
462873 324473744
462877 473614842
462879 196615655
462882 501964617
46323 281824944
46325 430409463
46331 174901496
464048 308987722
464057 299796156
464075 582261915
4670 411287729
467604 397592119
4679 393606413
468249 408582207
4686 339795266
4701 375576363
470269 358243258
4702 713500962
470272 258114399
470276 355808804
470277 329918867
47082 370805754
47085 237537461
47247 486518192
473050 214495964
4733 205996551
474999 199803325
475020 212547092
475024 208062838
47519 347664491
475390 232009569
475907 280465534
476039 305367080
476181 264518269
478317 426639273
478334 364292987
48026 350538821
48027 252973602
48032 214459544
48039 229045128
48042 332013881
481050 174073868
481946 247083249
48231 212746279
487759 330452872
487764 221650397
488216 382382982
49054 451227328
49056 216050943
49062 286634549
49064 336484402
49155 282562658
491976 255284006
492098 255565667
49227 353393184
492483 323539620
492572 302381553
49554 277035091
49647 244454616
49743 1399243264
49770 483789870
49855 262963576
49940 467220101
49950 228107358
500232 284145348
50192 337014761
50193 223070840
50207 208160072
50210 246911452
50225 247865833
50236 448336696
50243 369153921
502511 695642979
50452 220300473
50453 295588189
50459 154383434
50461 218175674
50465 319353740
50498 302139051
510738 241372366
511092 162567186
511106 145536693
51265 253801141
51276 255491159
513295 120097777
513306 395398914
516948 531266621
52139 427295312
52147 455854050
52148 571351872
52152 251932819
52153 672088253
52159 1338809546
522534 621626287
524254 274308228
52459 237020936
52477 229603638
526696 300013290
526930 335447881
52709 636677530
52725 350131756
52830 347111338
52853 441267768
529450 220053682
53038 136531098
53159 205602742
53160 233330636
53161 239377870
53164 177692421
53169 206139762
53172 292908247
53175 286226197
53215 250382122
53234 214417681
542666 221437947
543010 221611564
54425 201609908
545883 350051807
546187 271878356
552844 339315411
55316 311768192
55319 203170586
55320 332273117
55464 290207374
55501 238694248
55615 309716177
55764 189006446
55767 329967733
558113 288799203
558137 238103580
56019 318161715
56531 306097792
56539 275637495
565971 313746668
568571 254784421
57013 378859243
570167 188015213
570168 682955591
572113 309312034
57576 321530998
57577 368024541
57912 366759830
57917 245289147
57919 348064052
57926 171701118
57931 220561270
57932 412362859
57935 342715811
57936 424435927
57940 308265487
57942 421421636
57943 454720927
57947 200757423
57948 400153495
58041 338745425
580465 180634108
58048 354203362
586382 246304985
58660 290447103
587664 193194275
58890 260598921
589788 243882965
59018 221807743
59324 297984625
595332 543344102
59690 211223930
59993 361411388
61236 430604563
61250 174835871
61283 401263895
61297 219839567
61450 315248405
619227 254555451
626089 238734807
626332 270647425
626748 208282443
629255 298018422
63002 223964503
630109 217796623
63037 411541674
63632 354592164
64024 442688886
64025 382545275
640628 340878923
644182 182947029
64435 270280997
645205 515303702
645214 301174747
647968 408513456
64942 210950835
649480 263078148
65004 294391236
65042 307291587
65352 277052132
654618 250680977
654633 173249319
654641 280689124
654642 208200884
654647 297892025
657479 235397423
657491 256603811
65952 308649342
661415 247851289
661418 387843154
666727 431067418
66680 256410092
667203 452982680
667241 235896315
669616 349243981
669618 280057980
669621 900767816
669622 900208233
669623 217792669
669625 296039738
669626 233607330
669627 222648760
669628 275369292
669636 180921274
669640 314357020
669641 287758266
669642 314861404
669651 243401237
669654 223735296
669657 465540100
669661 143692240
669668 242735890
669671 593880342
669672 276543913
669680 203339873
669682 226646357
669683 236009085
669684 283193179
669687 267736180
669688 226482482
669694 225241506
669698 309737551
669700 267333673
669707 307006797
669708 390086461
669712 192685166
669716 479910085
669720 481469200
669721 230385297
669723 230692041
669724 214316976
669725 280206168
669726 528647146
669730 419516896
669736 566395363
669743 256700151
669746 275847364
669750 413066472
669753 591961289
669754 312458508
669764 317589953
669766 292752918
669767 259884241
669769 305564674
669770 241966002
669775 513804225
669779 213377806
669780 143255133
669785 270551721
669787 264565909
669789 322647153
669792 289746150
669795 341604358
669796 404501430
669797 304701869
669799 252423164
669802 391891952
669803 237798844
669805 331099442
669806 271814246
669807 232024294
669809 287138576
669810 247790255
669813 258565873
669814 313971343
669817 245930247
669821 320273878
669825 331966314
669826 216276419
669834 211291119
669837 236743018
669838 266100792
669839 290898516
669840 276764720
669842 364436217
669846 320445366
669848 275963129
669850 269295401
669852 277090571
669858 524873154
669861 455344457
669863 562956027
673928 220107552
673929 211286519
675739 463745855
675741 228090755
690759 195293136
696533 284853555
69867 413515153
69996 118706703
70001 305248511
701263 206268790
701400 168985945
702219 314688408
702247 226445453
71251 288153703
71339 292849266
71402 216777349
715714 313368240
715724 320559149
717482 510064808
717483 247790839
717484 246629544
717485 323861533
71835 299352129
71982 256571719
72332 228675177
72337 270341461
72341 318025976
72429 225088733
72932 275539227
73625 331250160
73824 290192598
741068 819925806
741073 320196220
74517 253394024
745661 566713591
74630 236643480
74636 365604456
74637 366228880
74645 339783125
74647 310162819
747378 272201318
74823 500777316
74900 628241808
75091 495601278
754387 239707619
75633 372368472
75709 409582251
75710 432832787
75717 266448410
75950 336709766
75960 333493854
75961 346339109
759843 326151813
76029 266389000
76036 360508977
76276 469415063
762980 208136881
76438 274044338
764772 1289761194
76515 389408535
767412 217991463
767568 222679103
77069 278504677
77113 388606056
78191 444327445
78511 284223494
78534 289491526
79245 346185778
79376 348570080
81729 261183800
81792 365362303
82091 386320789
82209 450950983
82281 285304236
82286 139119073
82322 744046939
82354 321738625
82356 378423047
83409 339009332
83862 279395504
84009 302393082
84044 622819912
84892 240429119
85882 272964890
860324 437636475
86092 581769612
86695 395567748
872508 404446979
872910 353548474
872911 278716077
87471 458525418
87701 278340632
87702 411778317
87703 300563170
87752 533115595
880653 218500350
883016 317502984
883867 618925391
88845 353945624
89411 226731116
89684 327607993
90038 327289337
90222 376474005
90225 325662359
90345 340916721
90363 231470766
90397 351507402
904458 233068412
90602 445557025
90604 290732205
90606 263115581
90610 247403083
90614 208005054
910631 326585314
910636 319620413
912374 261784749
912382 257974457
91246 508145864
912502 391985780
91254 426934057
91257 325014755
91272 293095022
92921 288749023
93036 310617423
93340 374718276
93341 250681236
93496 201828977
9372 279090816
93817 378475256
93819 410763790
93823 434334731
93826 325525127
93890 212086977
940194 354568056
94424 298492241
95382 283103717
95392 206370290
95630 493311417
96050 1229914892
96480 242942502
97028 332837276
97169 523487053
97307 290314057
97854 144434696
97978 150393189
98020 379707002
983334 292241696
983335 339990711
98725 295359327
989179 448460526
99028 461301797
99030 308467285
99038 319921844
99072 375263030
99108 296217560
