1000416 33231030
1000418 27513732
100284 61281390
100286 132041099
100292 41978156
100813 28601715
102714 94313188
102718 46459820
102720 35957924
102722 57001787
102724 48854100
102738 26996111
102745 213714315
104587 11350564
1053350 144846920
105906 37043492
105913 105397330
107243 88481735
1075208 35774886
1080054 43418467
108412 42046290
108425 102123280
1088035 75493885
110753 20760442
110756 22846608
111420 214165207
1114889 71234455
1114890 89480109
1117032 59041368
1120086 34814964
1120560 56086652
112517 17338986
112589 31916284
112591 10937368
112593 34262494
1133549 28138422
113538 5322168
113636 128145471
1137906 39156974
1137917 28014124
114194 25169211
114204 147390058
114206 39889665
1143221 28848143
114457 51066413
1155236 75556560
1155243 67130088
1155247 28901608
1155248 66434911
1155255 32182764
1155332 26976817
1155358 87379597
1155359 73964816
1155362 61410041
1161166 84707045
117260 175396630
118509 28293942
118758 24760746
118766 40271098
118769 15442138
118770 30556886
118778 23238237
118891 79381513
119585 14098327
1200292 98582529
1211431 16305271
1211590 37693416
121557 31826581
121769 62761283
1227975 35562221
1233961 39576109
1239890 109237113
124763 99127609
1249140 53896164
125027 84822622
125587 69452517
126270 52817170
126279 72850690
126913 49219173
127129 40565871
127977 26564719
127986 24755106
128002 34568066
1288821 28193681
129741 39716785
129748 13716386
1301344 67440614
1301349 21549701
1301351 19048892
1301352 59568753
1301364 30898809
1301372 31808051
1301376 23605457
1301395 23264320
1301400 44725624
1301401 35060391
1301409 17022702
1301411 76848164
1301413 130209122
1301442 28032073
1301445 49241509
1301454 51017050
1303110 27154697
1303112 51097224
1303115 20928518
13054 114352597
13129 128894348
13273 101368744
13274 49868852
13288 66809159
13306 4879476
133233 15398002
13329 22817642
13385 79003133
13398 108219236
13399 46249397
13417 138559949
13427 63505132
134520 62786720
134521 21338430
134792 29024311
13487 39553978
1351827 79547013
135518 79453332
135520 144779732
13579 70244210
136204 65998287
13648 40300158
13702 26374923
137095 25526923
137116 38609303
137455 58260980
137456 128886933
137457 47555101
137665 24141562
137693 93786859
138011 56113042
1385505 36802462
1405028 37018285
140783 106388122
140785 108767777
140796 192188303
140797 152618293
140803 173264124
140808 99588700
140816 194873033
140819 61977194
140838 104414322
140842 41947809
140843 116933882
140845 77971294
140848 131800797
140850 110369447
140859 40402478
140874 108337032
140997 89242396
141005 191685760
1413678 21918616
1426240 39497849
1426244 18602579
143172 37531333
143208 58888910
1435578 57849930
1435599 47376175
1436118 32783323
1443518 104092310
1443523 26077125
145471 44965802
145517 36100494
1457398 93832226
145835 12812136
1470351 78619296
147635 35610833
147940 15001683
148884 34228635
148897 12126006
148902 58959166
149412 39817498
1500773 206562149
150094 25556407
15193 39884918
152003 28547417
153025 36631024
15304 75815940
1532256 26714199
1533246 60819400
1534592 71229378
15371 36682205
1540200 59788909
1540202 112071374
154493 41277516
1546422 48822587
154990 62068595
1572673 91563184
1572674 41788125
1572676 30400193
1572681 18154036
157494 30817511
1578718 26633818
157971 26158977
157977 21087176
159013 56801381
159016 39829301
1591266 40263913
15957 23105065
159962 36048032
160511 57914017
161105 9987862
1641274 27917711
164258 111751408
164261 52026730
164435 51522043
164833 29563149
165317 42259741
165325 62376974
165330 61188644
165334 43662476
167744 26967266
167997 4488522
168002 56660757
168005 14919436
168011 18301905
169223 18529541
169380 27748990
169386 52531624
169387 18886217
170545 5244832
170927 138616918
171814 141074151
171820 61365081
171823 92139698
172069 84955822
172267 89041033
1734436 33066233
173702 87903285
174553 90777650
174649 41882242
174658 19573321
174663 68012142
174664 43416799
175028 19658987
175058 35996981
175059 115017308
1754164 30275236
176602 34306807
1769920 100778594
1775740 97218877
1799579 48093365
180084 47586804
180561 47439774
180763 99227834
180772 79639408
181181 89353049
181291 82431233
183794 14787162
1844630 12517967
184985 65483553
186520 63373768
18794 20096549
1885256 30182144
1891442 20340804
1891456 37509141
189328 43138980
189571 69553019
190330 63479116
190548 303191152
190884 34544274
190902 55048612
191068 24005627
191662 24378248
191669 81933370
192263 19534621
192294 88000228
192324 94870810
192338 451924060
192342 7403386
193516 32176609
197809 38214438
2005300 52928488
2005303 80292231
2005305 34306422
2005307 60732308
2005308 105013869
2005309 41239665
2005311 45025478
2005312 73316989
2005313 99956397
2005314 32807882
2005316 60398911
2005343 29342098
200866 19430888
200952 53143423
200993 61656490
202404 23049503
202615 96138896
203015 38339131
2030680 22442812
203104 15213518
203582 90519266
20403 48663224
204232 27113159
204362 45984431
204401 25557304
20484 52740904
2054846 51917215
205739 96170625
206651 40009111
207273 71680723
207934 37846071
208873 95417960
208876 5093298
208904 119300176
208932 122956714
209194 90655278
209536 31478421
210730 2726232
211939 26276019
211941 23027329
212670 35044101
212671 26316081
212686 75078694
212754 27715207
213289 15538224
213829 36350814
214052 144710092
214053 47511524
214529 138253232
215228 37962808
216990 121824581
216991 95279787
217501 43442463
217505 26561578
218141 67852536
218142 67528896
218388 141344266
220462 28234260
220483 88885671
221188 42673948
221193 26704391
221204 28909045
223577 86122513
223654 36960690
223655 90335325
223656 69789175
223657 33876257
223681 32457008
223682 54936959
223686 50664777
223700 24947769
223703 145633251
223705 59045285
223707 25309578
225663 81926875
227211 19041844
227212 45822013
227213 28649923
227214 95338416
227215 26125967
227218 57974188
227220 65829641
227222 23420372
227223 25890987
227224 28462861
228874 24015433
23028 73588355
230571 19531482
230572 19040499
230577 50364825
230711 20501315
230712 27622193
230722 33214550
230724 135461674
23138 276286817
231488 9541273
231678 24400231
231679 8039512
231680 53743559
231681 10045112
23216 99521238
23222 56959343
23224 170588780
232322 28382600
23264 46291109
23265 14196007
234458 202768293
234460 52930414
234465 131560820
234466 53608866
234467 118785647
234471 42808811
234725 116071220
235900 75707174
239410 104716507
239416 32010411
239422 74350542
239555 18435808
239565 26727147
240664 73305741
240676 42191798
240679 114728342
240685 78059115
240686 57197123
240688 91614207
240690 100274791
240691 126927116
240692 76226971
240695 120097262
241196 119467349
241197 140743579
241197 51314062
241200 233318699
241202 220002795
241203 75972277
241204 139697830
241206 59649738
241213 37863389
241214 57059322
241222 46234573
241224 96124544
241227 65739890
241230 45793008
241234 66440308
241235 149199788
241236 278860677
241237 231911031
241642 121826386
243113 11587394
243709 25761961
244309 27464308
246694 29309274
246699 164211033
246704 33977064
247443 13606859
248498 14220347
24953 66521646
253017 39938675
253143 43433801
253145 27418219
253148 33514140
253622 18312988
254029 159272921
254778 53992273
254779 29590268
254782 34644187
256370 31167005
260603 64664392
261240 50519390
261426 30622026
261773 37122318
264418 49345423
264943 19600168
267242 95017088
267256 94928407
267261 121145943
268009 26263905
268057 52294871
268058 45754056
268065 29741056
268080 40329603
268097 31631854
269006 84874461
269081 40157424
269082 54922577
269175 21215910
269344 33232056
269367 38595769
269377 69639448
270110 176774391
270380 12504453
270396 42790204
270432 113282942
271541 38428611
271549 13130712
271552 37609456
271556 119503890
271557 35778991
271559 23737159
271559 84839730
271564 39685353
272082 14377854
278078 27570398
278673 33015062
280053 75903365
280064 69458750
281077 12962649
281480 40052155
282781 54615295
282782 31521059
282783 62853010
284478 26396139
28472 4341412
28509 88930446
28525 25689597
28528 13528204
286619 145207196
286916 24635446
286950 42307603
286956 21988657
286974 37831575
286984 23885332
286986 18581949
287755 106043599
289866 20343239
291096 68527787
291101 71146153
291104 138019681
291166 116375931
29618 24444069
29653 78632155
29654 254526936
29663 99182002
29665 18961179
29667 24249746
29668 25426294
29669 8431956
29672 35035572
29677 13116621
29686 20996120
29687 72199370
29695 16370549
29712 45932837
29728 53712486
29739 106568308
297476 56138598
29769 27792259
29771 72531968
29787 114294742
29818 37424605
300140 34110897
300649 60489983
301481 98556010
301496 23122305
306132 26014117
306377 56349078
308172 29703551
308410 18326891
310246 26076484
310247 35382330
310818 59316940
311925 64794931
311929 40794572
311941 66941642
311943 55174905
311954 44285252
311957 25037499
311958 106454452
311962 85458469
312740 146731904
312744 81277140
312774 133548256
312777 143714118
313096 31440527
313104 46459820
313120 47131471
313121 25148061
313210 23733249
313212 31870118
313220 125785051
314457 47483351
318444 31651603
319741 38702313
32110 20919483
32112 64987786
321412 42530552
32189 15080729
32218 118218419
32220 131246360
32228 92206809
32239 99187602
32247 143880303
3251 38347213
325515 123017435
325516 29001104
325519 107061605
3260 14443125
326028 41438351
3261 20855341
326275 72988168
3262 9053777
326839 55515199
3277 19894971
3289 23877000
329327 18446571
330168 127615332
33132 73630905
33138 60522738
3316 10691902
332430 77574686
3332 21078974
3349 28990141
335190 38152412
335953 41034631
339964 106274976
341461 33597695
34168 18488280
34176 26155964
34222 36316886
34231 24195333
34301 49329377
3447 33795073
3449 70510450
345293 33034299
345538 39715117
345915 86993257
345916 25472186
345918 49656783
3467 112894473
3469 44896629
347188 21343684
347388 58283071
347888 51494248
3483 31623070
3486 34037728
3501 66565270
351340 33846823
3516 79398230
3517 81346138
3518 36558229
3550 79364796
3562 20104623
3572 54421337
357469 31491693
357475 67771899
358137 103784018
35896 57615030
35899 110889457
360621 156886649
3610 69831330
361423 161671219
3617 27517257
3619 91188846
3621 44215441
363810 52043099
36599 181043515
366499 98324801
368332 19433643
368338 35868072
368339 56622744
368342 125325964
368343 43137504
368347 19556534
368347 6864859
368352 17621834
368374 28138487
368382 29009438
369422 92968664
3702 57565648
370362 38762865
371026 18640060
3711 101651498
3712 53078005
3719 83697565
372273 147022441
37231 29510643
37431 14794656
374709 53215453
374724 14222461
37489 13488878
3752 42280785
376113 28559276
376119 23550278
376129 47411151
376131 13239404
376798 34708060
37723 24036198
378942 30213239
379949 130481646
379956 29438199
380485 29356267
381143 107797778
381144 97162237
381151 74808268
381184 51633096
381272 133369722
3852 57302241
38596 34837730
38689 13531087
3874 32913684
38784 61496943
38785 95779132
38787 115709428
38788 39826415
387931 20285571
3879 38073966
38844 106943109
38852 20632608
38861 25956302
38862 58926029
388693 13351618
388701 56493872
38873 46087747
3888 16539094
3888 18637433
38914 39841297
389496 15470899
389630 21186049
389631 27795977
3899 56142643
3905 39672331
3908 31353649
3910 16695085
39321 131012131
39324 109623825
39352 43991186
39414 28410101
395278 43317604
395279 20431920
395285 28328495
395286 82666023
395287 266148501
395290 163994899
395291 86896448
395293 49463714
395294 39905125
395295 33036608
395297 39370902
395298 52495289
395302 114639495
395303 81849708
395304 96963292
395305 102029798
395306 103264030
395309 39684583
395310 27358860
395311 30607472
395312 37935548
395313 52439246
395314 54756223
395314 744999866
395315 111282712
395316 82203457
395325 30767694
395328 105288247
39639 25517885
397066 46784925
397089 115693255
397093 105132738
3985 10554793
39862 57301792
39879 34724541
39884 35857490
39899 29096048
39910 21389053
39919 68809230
39927 50835264
401572 24443877
401879 32023363
401881 24471372
401897 24694667
401918 36599726
4025 58346647
4039 35632446
4041 40106297
4052 26978163
40755 16756264
40784 95152299
4079 29308441
4081 31556836
40902 15602987
40917 160789963
40922 46658951
40949 117083119
409514 64370812
40954 23576361
40959 25047434
410645 19263660
4113 37755247
4123 37165098
41241 56857052
413032 29043928
413038 6779193
41492 24342934
41496 25114732
41500 27666425
41537 29357549
41550 34572555
416296 34838884
4166 25749335
418171 77123893
41914 10809159
41922 29988205
41964 16328973
42036 167344161
42038 31550553
42039 34598014
42043 52511145
4208 8631928
4212 111820529
4217 30944011
4217 32515294
4218 19703646
4220 34136612
42229 62776700
4232 31209130
423282 34218631
426348 82307377
4282 66832482
4298 35429788
430623 23084045
430624 21753734
430754 79401445
432996 54781777
43368 60098017
434052 92972074
434244 33635657
434248 52870903
434553 148273661
435792 30602215
436192 31685072
436200 33284894
439140 52958532
439142 94703232
4451 10602054
4465 24308068
4472 90224858
447676 37138673
4498 45324247
4499 16399825
4509 26700033
4513 25372711
4521 22842442
4522 29871778
4545 24277369
455077 62289875
455306 14671414
4565 56630128
457140 33396407
457910 44737623
45834 26848616
45899 153684847
45912 93274187
4593 17755988
46032 125365741
46053 18066712
4608 26907781
46247 23165435
462567 22050689
462580 34154183
462877 108302897
462879 21070003
462882 82897343
46323 97226214
46325 125385017
46331 44734222
464048 30308318
464057 25728567
464075 36274493
4670 20538287
467604 96748324
4679 22185903
468249 22344572
4686 67999548
4701 32017400
4702 39639872
470269 145519459
470272 130867804
470276 94106104
470277 73616765
47082 91838570
47085 30780197
47247 104729193
473050 106570046
4733 156328625
474999 35749040
475020 34173742
475024 35488148
47519 112558838
475390 55830459
475907 110066583
476039 54635584
476181 31965912
478317 83937517
478334 47344857
48026 64109292
48032 28570751
48039 28078420
48042 34652909
481050 12278370
481946 28349521
48231 153158761
483235 50703933
487759 85083300
487764 65261976
488216 24980072
49054 39069286
49056 60165068
49062 26454597
49064 30965361
49155 53612718
491976 10988793
492098 20380083
49227 16352548
492483 20287750
492572 40805798
49554 34087491
49647 66323441
49743 302219429
49770 71530402
49855 23880717
49940 48327172
49950 23057642
500232 33615586
50192 41299970
50193 51778814
50207 29026555
50210 25194721
50225 25340343
50236 24325950
50243 30653250
502511 190984360
50452 96087731
50453 128816583
50459 79197883
50461 127445435
50465 182100450
50498 64754138
510738 25658447
511092 18885832
511106 13457877
51265 20283777
51276 14152707
513295 6475780
513306 38191988
516948 201842187
52139 35418757
52147 30385382
52148 49192601
52152 21100760
52153 42891898
52159 401284924
522534 32371919
524254 97910280
52459 25113386
52477 32403659
526696 95372846
526930 47780622
52709 40426535
52725 45411838
52830 19148587
52853 35546701
529450 149408635
53038 3075603
53159 31358329
53160 62755310
53161 26749518
53169 88558739
53172 26944318
53175 43835268
53215 53424742
53234 44896437
542666 91422726
543010 43412243
54425 31785097
545883 27334566
546187 26177886
552844 72165500
55316 24343639
55319 31731558
55320 2698707
55320 71687985
55464 24865858
55501 25255418
55615 29916592
55764 9484025
55767 23934680
558113 99101989
558137 61361098
56019 35851526
56531 34557485
56539 34059339
565971 20571479
568571 32664441
57013 19027877
570167 11032853
570168 91098705
572113 48968666
57576 43622567
57577 111370382
57912 64352567
57917 110918830
57919 39835139
57926 20943961
57931 49709928
57932 262291947
57935 93091310
57936 104833829
57942 149424646
57943 51069173
57947 87345311
57948 214707940
58041 9373884
580465 16722375
586382 105578857
587664 39168905
58890 81431983
589788 20764607
59018 78881873
59324 21972701
595332 49979124
59690 99343894
59993 45491985
61236 5189327
61250 16057485
61283 63812059
61297 25810226
61450 56944574
619227 51297629
626089 45484478
626332 29145540
626748 71176487
629255 39047220
63002 25540255
630109 50889825
63037 95205070
63632 27201939
64024 6592304
64025 7804588
640628 20898017
644182 97861619
64435 20264106
645205 97658161
645214 40226065
647968 37948312
64942 148246160
649480 119136677
65004 32259324
65042 36221645
65352 72327653
654618 114021186
654633 131398559
654641 90438201
654642 50871596
654647 92765456
657479 61265526
657491 124999434
65952 129321998
661415 143498564
661418 244960263
666727 20757174
66680 24355111
667203 68802997
667241 67097898
669616 38437591
669618 10369720
669621 75045268
669622 66638963
669623 16584514
669625 33702925
669626 30063408
669627 33097781
669628 49012503
669636 111730279
669640 20678039
669641 11280438
669642 16191307
669651 58570639
669654 30245167
669657 146034790
669661 45134628
669668 151237173
669671 76333041
669672 18426582
669680 88262048
669682 146750172
669683 35553050
669684 48148752
669687 52351491
669688 95582842
669694 96605249
669698 172229323
669700 24192898
669707 24706845
669708 30249206
669712 118291239
669715 16608601
669716 85505422
669720 16132756
669721 30726212
669723 28375933
669724 43505021
669725 27781298
669726 77728082
669730 179338622
669736 69496342
669743 35821511
669746 41005377
669750 52241653
669753 70585574
669754 38486212
669764 36819972
669766 35186151
669767 37905017
669769 35860825
669770 36278084
669775 74885468
669779 28575944
669780 18356683
669785 145000982
669787 15342464
669789 35473013
669792 23714151
669795 34637646
669796 162572419
669797 28266825
669799 24621154
669802 55262803
669803 76774363
669805 88984936
669806 52941263
669807 71317422
669809 147703587
669810 70113051
669813 62794878
669814 105244331
669817 117018682
669821 91926656
669826 82908790
669834 24870537
669837 26753620
669838 109166715
669839 55298630
669840 96572103
669842 47742628
669846 47306030
669848 29651750
669850 32367944
669852 40967848
669858 54463775
669861 62736039
669863 89440479
673928 96899316
673929 71615042
675739 89812527
675741 28932188
690759 36786749
696533 20037408
69867 239720599
69996 27492321
70001 19775921
701263 91168514
701400 11925738
702219 81507026
702247 106231444
71251 49020205
71339 41048424
715714 60712655
715724 111077291
717482 151287470
717483 63966938
717484 48833177
717485 72363065
71835 22857823
71982 42854236
72332 23618339
72337 25641525
72341 28814166
72429 34637582
72932 38742916
73625 28786728
73824 89958633
741068 109143271
741073 132016914
74517 72081629
745661 58162856
74630 45945479
74636 88747679
74637 104908781
74645 165200700
74647 81621617
747378 40797266
74823 73782016
74900 44074728
75091 219392545
754387 13675905
75633 62057933
75709 143326961
75710 171288185
75717 276716331
75950 40037465
75960 117590187
75961 37137390
759843 38599938
76029 30070653
76036 30476744
76276 66947617
762980 27108608
76438 97297271
764772 140840756
76515 174556759
767412 51440455
767568 132925977
77069 123355917
77113 32411610
78191 216969390
78511 53924348
78534 32303823
79245 47712785
79376 29942429
81729 34638031
81792 30052509
82091 81817491
82209 28727685
82281 32824361
82286 78334607
82322 15358414
82354 103329704
82356 192679794
83409 56266503
83862 75157116
84009 75366479
84044 7829303
84892 30520983
85882 19937067
860324 31011268
86092 61016578
86695 22931457
872508 25180107
872910 33124008
872911 17650856
87471 43879092
87701 22928701
87702 26246919
87703 18705731
87752 47340236
880653 34499256
883016 35200324
883867 149494628
88845 32251309
89411 145563479
89684 34300137
90038 60893132
90222 118733705
90225 47045091
90345 12624093
90363 40515127
90397 63044944
904458 23452864
90602 42560579
90604 30160154
90606 81185572
90610 39014249
90614 65917208
910631 130507247
910636 102919119
912374 58947607
912382 82837278
91246 95791553
912502 145924609
91254 64919689
91257 42761653
91272 35958373
92921 51420684
93036 24674286
93340 79096039
93341 43395368
93496 39945282
9372 27382963
93817 17617862
93819 22914090
93823 91773905
93826 20104943
93890 107115959
940194 157564181
94424 82472905
95382 78612481
95392 109195055
95630 120261479
96050 91137502
96480 63131020
97028 47443112
97169 31904037
97307 69988127
97854 53951184
97978 94620602
98020 77099528
983335 22819756
98725 24985520
989179 65827585
99028 33867600
99030 11515282
99038 28351444
99072 31456941
99108 25856632
